v3.0 hex words addressed
000: 1804 0044 0244 1005 0000 0000 0000 0000 0000 0000 0000 0000 0000 0000 0000 0000 #load to accum
010: 1804 0104 1005 0000 0000 0000 0000 0000 0000 0000 0000 1000 0000 0000 0000 0000 #store in GPR
020: 1804 001c 0284 1005 1000 0000 0000 0000 0000 0000 0000 0000 0000 0000 0000 0000 #ALU operation
030: 1804 0c04 1005 0000 0000 0000 0000 0000 0000 0000 0000 0000 0000 0000 0000 0000 #Print the content of Rn
040: 1804 0000 0000 0000 0000 0000 0000 0000 0000 0000 0000 0000 0000 0000 0000 0000 #
050: 1804 001c 0084 1005 0000 0000 0000 0000 0000 0000 0000 0000 0000 0000 0000 0000 #Compare Acc with Rn
060: 1804 001C E084 F004 1005 0000 0000 0000 0000 0000 0000 0000 0000 0000 0000 0000 #Jump if equal
070: 1804 001C A084 B084 1005 0000 0000 0000 0000 0000 0000 0000 0000 0000 0000 0000 #Jump if negative
080: 1804 2004 1005 0000 0000 0000 0000 0000 0000 0000 0000 0000 0000 0000 0000 0000 #Jump if zero
090: 1804 4006 1005 0000 0000 0000 0000 0000 0000 0000 0000 0000 0000 0000 0000 0000 #Jump if LSB is 0
0a0: 1804 002c 00A4 1005 0000 0000 0000 0000 0000 0000 0000 0000 0000 0000 0000 0000 #Write Rn property in flag resister
0b0: 0000 0000 0000 0000 0000 0000 0000 0000 0000 0000 0000 0000 0000 0000 0000 0000 #Jump if not zero
0c0: 1804 6006 1005 0000 0000 0000 0000 0000 0000 0000 0000 0000 0000 0000 0000 0000 #Jump without any condition
0d0: 0000 0000 0000 0000 0000 0000 0000 0000 0000 0000 0000 0000 0000 0000 0000 0000
0e0: 0000 0000 0000 0000 0000 0000 0000 0000 0000 0000 0000 0000 0000 0000 0000 0000
0f0: 0000 0000 0000 0000 0000 0000 0000 0000 0000 0000 0000 0000 0000 0000 0000 0000
100: 0000 0000 0000 0000 0000 0000 0000 0000 0000 0000 0000 0000 0000 0000 0000 0000
110: 0000 0000 0000 0000 0000 0000 0000 0000 0000 0000 0000 0000 0000 0000 0000 0000
120: 0000 0000 0000 0000 0000 0000 0000 0000 0000 0000 0000 0000 0000 0000 0000 0000
130: 0000 0000 0000 0000 0000 0000 0000 0000 0000 0000 0000 0000 0000 0000 0000 0000
140: 0000 0000 0000 0000 0000 0000 0000 0000 0000 0000 0000 0000 0000 0000 0000 0000
150: 0000 0000 0000 0000 0000 0000 0000 0000 0000 0000 0000 0000 0000 0000 0000 0000
160: 0000 0000 0000 0000 0000 0000 0000 0000 0000 0000 0000 0000 0000 0000 0000 0000
170: 0000 0000 0000 0000 0000 0000 0000 0000 0000 0000 0000 0000 0000 0000 0000 0000
180: 0000 0000 0000 0000 0000 0000 0000 0000 0000 0000 0000 0000 0000 0000 0000 0000
190: 0000 0000 0000 0000 0000 0000 0000 0000 0000 0000 0000 0000 0000 0000 0000 0000
1a0: 0000 0000 0000 0000 0000 0000 0000 0000 0000 0000 0000 0000 0000 0000 0000 0000
1b0: 0000 0000 0000 0000 0000 0000 0000 0000 0000 0000 0000 0000 0000 0000 0000 0000
1c0: 0000 0000 0000 0000 0000 0000 0000 0000 0000 0000 0000 0000 0000 0000 0000 0000
1d0: 0000 0000 0000 0000 0000 0000 0000 0000 0000 0000 0000 0000 0000 0000 0000 0000
1e0: 0000 0000 0000 0000 0000 0000 0000 0000 0000 0000 0000 0000 0000 0000 0000 0000 
1f0: 1804 0000 0000 0000 0000 0000 0000 0000 0000 0000 0000 0000 0000 0000 0000 0000 #Halt
